CodigoClienteBanco
27880
29785
32351
33019
33035
33963
34038
100328
100378
100829
101204
101582
102482
103629
104170
105392
105400
106786
108774
110465
115577
116882
117934
120818
122337
127060
150499
153857
160970
163200
163741
164269
172851
178542
190658
193690
195612
195848
197384
204514
204620
207587
210754
211681
213170
220639
221961
227733
228822
248425
253336
253362
256169
266281
268438
269165
276876
282533
285307
287734
288810
290449
295922
300183
302541
317382
319521
322119
324900
325853
328351
328910
329296
336333
337918
339056
341277
341515
354430
371512
382507
389903
444564
447361
458151
463307
467451
523444
541688
546601
551279
565395
573224
575873
580896
603615
614410
629587
629653
636538
638603
638604
644185
649171
687062
708427
725374
736177
764798
793486
809890
814293
852229
862490
881126
973277
985485
1004052
1014280
1027416
1062749
1075877
1089263
1115986
1115987
1116995
1133509
1146720
1184497
1264525
1267927
1268587
1278114
1286862
1286869
1315422
1323637
1362192
1458384
1539069
1619890
1699084
1699085
1702737
1718411
1807715
1884089
2137543
2317334
2482405
2524363
2541374
2541586
2552831
2553064
2629824
2632416
2743152
2743497
2813038
2829232
2846661
2871672
2890856
2933132
2969023
3015843
3016761
3058201
3069505
3070452
3206800
3226042
3268817
3301241
3307382
3432285
3432920
3538357
3596602
3604473
3608008
3622244
3630653
3683253
3690475
3694150
3742652
3751231
3770584
3777160
3860699
3892118
3966613
3990695
3995283
3999573
4030390
4083267
4094423
4101166
4139891
4148740
4158165
4171375
4202743
4211359
4220786
4231081
23589
23637
23638
23920
23974
25209
26680
28175
31058
31786
101408
103147
103264
103542
104641
106030
109349
110143
115046
117202
117764
119885
119977
120671
123613
129245
129462
130190
130990
151071
153077
153502
155591
159837
160588
161315
161392
162968
165478
173539
174702
191262
193671
194165
195643
198803
198877
200964
201676
203479
205092
206915
211953
218096
219426
223143
244366
246992
252943
255532
269839
270733
272045
284847
288229
292474
315973
319373
325163
325851
325859
335758
342922
345828
351410
351586
357655
364679
366962
371942
445068
488277
508967
509621
513389
514334
516857
544708
549320
551208
551319
553709
557402
558836
558838
559857
577390
589971
609260
616906
630961
635329
673735
687373
698138
700074
737044
770812
774973
789855
796750
813947
816771
820966
836675
853361
864791
867708
882281
897165
981747
986091
995234
1043943
1080883
1086591
1111980
1144541
1149199
1165125
1217817
1218255
1233864
1246614
1248544
1266694
1282104
1305109
1305853
1321401
1354921
1361054
1660271
1779450
1800475
1800481
1853886
1875027
1944345
2068367
2068368
2128690
2211675
2229482
2238966
2279989
2516595
2530635
2577460
2612983
2634778
2645246
2658600
2717128
2746357
2766797
2781187
2814929
2957128
3036746
3119488
3134122
3152581
3153198
3182296
3190507
3192373
3222663
3233276
3235446
3271696
3325995
3353841
3470992
3534285
3560112
3598033
3605419
3648479
3652425
3748444
3800295
3822524
3924736
3935184
3945978
3962531
3987041
4000471
4003278
4010003
4027369
4068508
4076877
4089964
4101523
4130970
4176210
4190481
4203734
4209692
4224550
4237141